20
2
0 3 0 2 10 2 3 -2
10 3 2 3 8 7 2 0
3
2 1 0 5 10 2 4 0
0 3 0 2 7 1 1 2
3 3 0 5 1 1 2 0
2
3 2 0 2 9 2 3 0
6 1 1 4 6 3 -1 -2
6
3414 2 -25 61 326 54788 -7 61
181452 8 -10 3 6717 12710 2 -498
223505 8 -62 77 280 13242 5 595
101271 3 -16 37 8692 213187 -4 -883
265384 8 -81 89 3249 13934 -5 -37
197549 4 -3 78 2761 22851 -10 560
1
241377 8 97 99 1000000 21525 3 100000
8
217730 3 66 67 195461 77009 1 23281
4601 8 -7 -6 380114 12396 0 11935
60 6 63 68 1000000 406 6 100000
66321 6 -7 -6 261501 8673 0 -26110
42767 5 -7 -6 436881 56220 0 -34144
49881 8 -7 -6 106228 29761 0 -5217
30963 9 -7 -6 421342 4790 0 -3619
11098 10 -7 -6 164545 50322 0 -6275
10
54013 10 -87 90 774911 8883 6 -84254
3244 10 -34 68 952237 55686 7 -49188
424818 10 24 97 756944 17435 -8 -13887
864 10 -63 -56 133859 41304 4 18945
33821 10 35 52 13977 6959 7 97817
4492 10 31 100 335486 4284 7 18557
278445 10 5 33 770831 6308 2 -38624
123393 10 -83 -62 785005 49154 8 -77903
48642 10 -65 -19 807769 33200 -6 -63891
44778 10 -41 -6 802053 22197 -2 28787
10
120376 10 8 55 376168 33887 -3 -32367
120376 10 -31 44 961427 33887 3 -97372
120376 10 -98 -4 563202 33887 -7 90020
120376 10 -100 -15 111062 33887 -2 73099
120376 10 -9 17 221020 33887 -3 82752
120376 10 -80 -71 657218 33887 -1 -8313
120376 10 44 79 973101 33887 -8 -28696
120376 10 -98 81 598749 33887 0 -56305
120376 10 -89 14 278323 33887 6 -14704
120376 10 2 52 256930 33887 -1 32751
10
5381 10 24 41 245450 19612 -4 29048
5381 10 2 56 957690 19612 2 -93114
5381 10 -47 84 798842 19612 -2 38735
5381 10 -84 13 541785 19612 0 39184
5381 10 -34 -31 599537 19612 0 -9187
5381 10 -84 -79 432911 19612 -1 -9964
5381 10 28 50 233168 19612 -10 46404
5381 10 50 74 506079 19612 -1 -526
5381 10 52 68 993460 19612 -8 -17415
5381 10 -44 32 351680 19612 10 88854
10
20560 10 -65 -64 739194 18759 -1 -57568
62750 10 -35 26 891834 1273 -4 -63633
73735 10 -15 -4 202513 18187 10 54013
111737 10 0 58 380620 13251 2 37152
7518 10 -39 12 252277 2205 -6 9813
7580 10 -30 33 505185 37587 9 -37151
74002 10 -53 31 277336 13490 -9 6474
123558 10 7 55 121455 22 8 4792
216198 10 -99 -41 652531 13132 -1 88812
94247 10 -48 16 547078 13616 -5 99563
10
161591 10 -41 -5 878642 24321 2 22522
161591 10 -41 -5 976782 24321 1 64522
161591 10 -41 -5 433532 24321 -8 97326
161591 10 -41 -5 937183 24321 -1 -30720
161591 10 -41 -5 773676 24321 -1 85644
161591 10 -41 -5 319169 24321 2 31170
161591 10 -41 -5 734479 24321 4 69841
161591 10 -41 -5 470735 24321 -4 12834
161591 10 -41 -5 362589 24321 -8 16703
161591 10 -41 -5 22440 24321 -1 19038
10
133397 10 15 74 9794 11106 3 53
65215 10 -94 -26 8464 6770 5 138
222577 2 -92 62 3763 247894 -6 195
14364 8 -23 -3 7572 30313 -4 -418
154728 3 58 61 6525 42693 1 511
82184 7 -29 73 7942 6474 7 -823
176990 9 -54 97 9209 7420 -2 -674
269 2 -70 67 5175 3393 7 -48
52372 3 -12 36 5555 40817 10 -949
215383 7 -18 79 6553 3289 5 559
3
157571 10 22 27 2677 6078 3 538
57534 6 -50 -31 7585 15234 5 -188
41678 10 23 78 9644 34890 9 -417
7
155179 1 -20 79 9076 3338 10 380
16505 5 -98 -44 4955 65789 7 -246
35700 1 -47 67 6612 4503 3 704
222269 1 10 98 1604 3061 -2 -193
242 10 -89 59 7827 9815 9 -668
16408 2 -84 74 5391 262114 -9 -910
47185 5 49 60 6200 15743 9 872
4
179182 1 -81 -72 2752 6498 0 694
36882 9 -100 -21 4199 5996 -9 768
716 1 -4 -1 3416 5854 -3 84
403266 8 16 41 3219 1238 -5 883
3
117864 5 -50 72 8469 1530 -3 -831
134370 6 -32 -1 4316 31254 3 -710
254093 2 -86 -13 4139 26601 3 -464
1
10840 2 -74 88 4078 161033 5 927
10
95862 9 -77 11 1884 5801 7 549
39472 3 -13 82 8956 257763 10 659
144357 1 -19 19 9101 3348 -6 -845
104041 5 -93 38 9340 43350 10 -326
131701 8 -93 99 9915 42624 -2 981
51081 5 -55 96 5459 40078 -2 680
57051 4 -88 -37 2058 35 -7 -126
378973 2 -18 5 4531 213911 -10 966
71821 9 -47 2 674 5931 3 862
3396 6 -77 -74 5888 13125 -1 813
1
30509 6 -78 -45 6075 84551 0 872
4
3501 9 -41 99 4426 70859 5 146
28667 7 -15 58 3437 13087 1 192
6879 8 -96 11 8133 1523 -2 -255
195688 4 67 78 2615 14602 9 65
