25
2 9
13 13
13 2 13 13
13 0
13 1 13
13 0
13 1 13
13 1 13
13 0
13 1 13
13 1 13
1 1
2
1 3 1 2 3
1 20
13
3 1 1
10 2 13 3
19 2 13 10
11 3 10 19 7
17 1 11
12 3 2 5 17
8 1 12
7 1 8
4 1 7
2 3 6 4 9
9 1 2
16 1 9
5 1 16
6 1 5
15 1 6
18 2 18 15
20 1 18
14 1 20
1 1 14
13 1 1
4 10
2 5 2 5
5 4 2 3 2 6
1 4 3 2 6 4
2 1 5
2 4 3 2 2 5
6 2 6 5
3 5 5 5 2 6 1
2 3 3 6 3
5 2 3 2
4 3 5 6 3
2 2 3 4
1 20
11
3 1 12
14 1 10
2 2 17 16
16 1 13
15 1 2
13 1 17
17 2 1 18
20 1 3
10 1 7
8 2 10 16
7 1 8
11 2 20 1
12 4 13 5 10 8
1 1 15
6 2 13 20
5 2 8 19
4 4 12 9 2 3
18 5 1 4 6 14 18
9 4 11 20 6 2
19 1 14
1 4
1
1 0
1 2 1 3
2 0
3 1 2
3 20
3 2 2
3 1 3
4 0
2 2 1 1
3 2 1 2
2 0
1 1 1
4 0
1 2 2 4
4 1 1
1 1 4
3 1 1
2 1 1
1 4 1 1 3 4
2 0
2 1 3
3 0
2 2 3 1
1 2 1 4
3 1 2
3 1 3
23 5
3 1 3 3 3 4 1 4 4 4 3 3 3 3 3 2 1 3 3 1 4 1 2
3 0
1 2 2 2
2 1 3
4 0
3 3 1 1 3
1 1
2
1 1 1
3 15
3 2 1
1 3 2 1 3
3 0
1 1 3
2 0
1 3 2 2 1
3 2 3 2
1 1 1
2 0
3 2 3 1
1 2 2 3
2 2 2 3
1 1 3
3 2 2 2
2 1 2
1 3 3 2 1
2 13
2 2
2 0
2 0
2 1 2
2 1 2
2 1 2
2 1 2
2 0
2 0
2 1 2
2 0
2 2 2 2
2 3 2 2 2
2 0
2 15
2 1
2 0
3 0
1 1 1
3 2 2 1
1 0
1 1 1
1 4 3 2 2 3
3 1 2
3 2 1 3
1 2 3 1
1 0
2 0
3 1 3
1 1 1
2 0
5 20
3 1 1 1 3
3 0
3 1 3
3 0
1 1 3
3 2 1 1
2 0
2 2 1 1
3 2 1 3
2 1 2
1 1 2
1 1 2
2 1 3
3 2 3 1
1 1 2
3 1 1
2 1 3
1 3 1 2 2
2 1 1
3 0
3 1 3
3 5
2 1 1
2 1 2
1 4 2 2 2 1
1 0
1 1 2
2 0
1 1
2
2 0
1 2
2
2 0
2 1 2
3 20
2 3 2
3 1 3
3 2 2 3
3 1 3
1 1 3
1 0
1 0
3 1 2
1 1 1
3 3 1 1 2
2 2 1 3
2 2 2 3
3 1 2
2 0
1 1 1
2 4 3 2 3 3
3 1 1
1 0
1 0
1 1 1
1 1 1
20 15
4 1 2 1 4 3 3 2 4 3 3 3 4 3 1 4 4 4 2 3
5 2 4 1
2 0
4 2 1 2
2 1 2
5 0
3 0
4 1 5
2 3 2 2 3
2 1 3
1 1 4
4 1 5
3 0
1 1 1
2 5 5 1 1 4 3
3 2 5 5
3 3
1 1 1
1 0
1 0
1 0
3 19
1 1 1
1 0
1 0
1 0
1 0
1 0
1 0
1 1 1
1 1 1
1 1 1
1 1 1
1 1 1
1 1 1
1 1 1
1 1 1
1 1 1
1 2 1 1
1 2 1 1
1 2 1 1
1 2 1 1
10 20
1 2 3 4 5 6 7 8 9 10
4 1 4
7 0
10 1 10
6 1 6
9 1 9
6 0
8 1 8
1 1 1
2 1 2
9 0
1 0
2 0
7 1 7
10 0
3 0
5 1 5
3 1 3
5 0
8 0
4 0
4 20
3 4 1 2
4 2 2 1
4 2 4 1
3 0
3 4 2 4 1 4
4 2 1 4
4 1 3
1 2 1 4
4 1 1
3 3 1 2 4
4 2 2 3
1 0
2 2 1 2
1 1 3
4 2 1 3
2 0
4 2 3 1
4 2 3 4
1 2 4 1
3 1 3
2 1 1
3 20
3 2 1
2 0
2 0
3 2 1 1
1 0
1 4 3 1 2 2
3 1 1
1 1 1
2 0
2 1 2
1 2 1 1
2 3 2 2 2
2 4 2 3 1 1
3 0
2 1 3
2 1 1
2 0
3 4 3 2 3 2
1 0
3 0
2 3 1 1 3
3 10
1 1 1
1 1 2
2 1 2
2 1 1
2 2 1 2
2 0
2 3 1 2 1
2 0
1 3 1 1 2
1 2 1 1
2 1 2
1 1
2
2 3 1 2 3